-4.5 0
-4.4 0
-4.3 0
-4.2 0
-4.1 0
-4 0
-3.900001 0
-3.800001 0
-3.700001 0
-3.600001 0
-3.500001 0
-3.400001 0
-3.300001 0
-3.200001 0
-3.100001 0
-3.000001 0
-2.900002 0
-2.800002 0
-2.700002 0
-2.600002 0
-2.500002 0
-2.400002 0
-2.300002 0
-2.200002 0
-2.100002 0
-2.000002 0
-1.900002 0
-1.800002 0
-1.700002 0
-1.600002 0
-1.500002 0
-1.400002 0
-1.300002 0
-1.200002 0
-1.100002 0
-1.000002 0
-0.9000021 0
-0.8000021 0
-0.7000021 0
-0.6000021 7.04398071890156E-13
-0.500002 2.41497252646603E-12
-0.400002 4.12674313433379E-12
-0.300002 5.83954748971509E-12
-0.200002 7.55322131495486E-12
-0.100002 9.26759912079094E-12
-2.041459E-06 1.09825138465866E-11
0.09999796 1.26977972673429E-11
0.199998 1.44132798904745E-11
0.299998 1.61287908529141E-11
0.3999979 1.78441583299922E-11
0.4999979 1.95592091778635E-11
0.5999979 2.12737690876903E-11
0.699998 2.29876631231575E-11
0.799998 2.47007142152518E-11
0.899998 2.64127447229948E-11
0.999998 2.81235759506352E-11
1.099998 2.98330271578945E-11
1.199998 3.15409196639748E-11
1.299998 3.32470707635288E-11
1.399998 3.49512978333045E-11
1.499998 3.66534173432833E-11
1.599998 3.83532448875874E-11
1.699998 4.00505952158076E-11
1.799998 4.17452822647451E-11
1.899998 4.34371191905597E-11
1.999998 4.51259184013183E-11
2.099998 4.68114915899364E-11
2.199998 4.84936477643265E-11
2.299998 5.01721992994553E-11
2.399998 5.18469559449249E-11
2.499998 5.35177268707273E-11
2.599998 5.51843207020333E-11
2.699998 5.68465455543263E-11
2.799998 5.8504209068873E-11
2.899997 6.01571184485222E-11
2.999997 6.18050804938224E-11
3.099997 6.34479016394506E-11
3.199997 6.50853879909406E-11
3.299997 6.67173453617044E-11
3.399997 6.83435793103352E-11
3.499997 6.9963895178183E-11
3.599997 7.1578098127193E-11
3.699997 7.31859931779971E-11
3.799997 7.4787385248248E-11
3.899997 7.63820791911857E-11
3.999996 7.79698798344267E-11
4.099997 7.95505957790743E-11
4.199996 8.11240243808832E-11
4.299996 8.26899744026399E-11
4.399996 8.42482509614308E-11
4.499996 8.57986593456256E-11
4.599996 8.73410050547748E-11
4.699996 8.88750938396534E-11
4.799996 9.04007317424401E-11
4.899996 9.19177251370197E-11
4.999996 9.34258807693969E-11
5.099996 9.49250057982115E-11
5.199996 9.64149078353416E-11
5.299995 9.78953949865835E-11
5.399995 9.93662758923976E-11
5.499995 1.00827359768706E-10
5.599995 1.02278456447732E-10
5.699995 1.03719376418868E-10
5.799995 1.05149930869563E-10
5.899995 1.06569931726206E-10
5.999995 1.07979191695016E-10
6.099995 1.09377524302896E-10
6.199995 1.10764743938269E-10
6.299994 1.12140665891857E-10
6.399994 1.13505106397412E-10
6.499994 1.14857882672373E-10
6.599994 1.16198812958438E-10
6.699994 1.17527716562049E-10
6.799994 1.18844413894762E-10
6.899994 1.20148726513503E-10
6.999994 1.21440477160686E-10
7.099994 1.22719489804191E-10
7.199994 1.23985589677179E-10
7.299994 1.25238603317745E-10
7.399993 1.26478358608381E-10
7.499993 1.27704684815244E-10
7.599993 1.28917412627225E-10
7.699993 1.30116374194783E-10
7.799993 1.31301403168564E-10
7.899993 1.32472334737757E-10
7.999993 1.33629005668211E-10
8.099993 1.34771254340264E-10
8.199993 1.35898926128424E-10
8.299994 1.37011857270948E-10
8.399994 1.38109891213577E-10
8.499994 1.39192873164992E-10
8.599995 1.40260650133121E-10
8.699995 1.41313070961105E-10
8.799995 1.42349986362914E-10
8.899996 1.43371248958589E-10
8.999996 1.44376713309111E-10
9.099997 1.45366235950887E-10
9.199997 1.46339675429826E-10
9.299997 1.47296892335005E-10
9.399998 1.48237749331923E-10
9.499998 1.49162111195304E-10
9.599998 1.50069844841471E-10
9.699999 1.50960819360251E-10
9.799999 1.51834906046427E-10
9.9 1.52691978430699E-10
10 1.5353191231017E-10
10.1 1.54354585778327E-10
10.2 1.55159879254515E-10
10.3 1.55947675512894E-10
10.4 1.56717859710874E-10
10.5 1.57470319416999E-10
10.6 1.58204944638301E-10
10.7 1.58921627847085E-10
10.8 1.59620264007154E-10
10.9 1.60300750599463E-10
11 1.60962987647181E-10
11.1 1.61606877740174E-10
11.2 1.62232326058873E-10
11.3 1.62839240397553E-10
11.40001 1.63427531186975E-10
11.50001 1.6399711151642E-10
11.60001 1.64547897155087E-10
11.70001 1.65079806572848E-10
11.80001 1.65592760960362E-10
11.90001 1.66086684248535E-10
12.00001 1.66561503127318E-10
12.10001 1.67017147063845E-10
12.20001 1.67453548319889E-10
12.30001 1.67870641968649E-10
12.40001 1.68268365910847E-10
12.50001 1.68646660890139E-10
12.60001 1.69005470507823E-10
12.70001 1.69344741236862E-10
12.80001 1.69664422435181E-10
12.90001 1.69964466358275E-10
13.00001 1.70244828171088E-10
13.10001 1.70505465959178E-10
13.20001 1.70746340739164E-10
13.30001 1.70967416468444E-10
13.40001 1.71168660054177E-10
13.50001 1.71350041361548E-10
13.60001 1.71511533221281E-10
13.70001 1.71653111436426E-10
13.80001 1.717747547884E-10
13.90001 1.71876445042287E-10
14.00002 1.71958166951395E-10
14.10002 1.72019908261065E-10
14.20002 1.72061659711732E-10
14.30002 1.72083415041243E-10
14.40002 1.72086870107631E-10
14.50002 1.72086870107631E-10
14.60002 1.72086870107631E-10
14.70002 1.72086870107631E-10
14.80002 1.72086870107631E-10
14.90002 1.72086870107631E-10
15.00002 1.72086870107631E-10
15.10002 1.72086870107631E-10
15.20002 1.72086870107631E-10
15.30002 1.72086870107631E-10
15.40002 1.72086870107631E-10
15.50002 1.72086870107631E-10
15.60002 1.72086870107631E-10
15.70002 1.72086870107631E-10
15.80002 1.72086870107631E-10
15.90002 1.72086870107631E-10
16.00002 1.72086870107631E-10
16.10002 1.72086870107631E-10
16.20002 1.72086870107631E-10
16.30002 1.72086870107631E-10
16.40002 1.72086870107631E-10
16.50002 1.72086870107631E-10
16.60003 1.72086870107631E-10
16.70003 1.72086870107631E-10
16.80003 1.72086870107631E-10
16.90003 1.72086870107631E-10
17.00003 1.72086870107631E-10
17.10003 1.72086870107631E-10
17.20003 1.72086870107631E-10
17.30003 1.72086870107631E-10
17.40003 1.72086870107631E-10
17.50003 1.72086870107631E-10
17.60003 1.72086870107631E-10
17.70003 1.72086870107631E-10
17.80003 1.72086870107631E-10
17.90003 1.72086870107631E-10
18.00003 1.72086870107631E-10
18.10003 1.72086870107631E-10
18.20003 1.72086870107631E-10
18.30003 1.72086870107631E-10
18.40003 1.72086870107631E-10
18.50003 1.72086870107631E-10
18.60003 1.72086870107631E-10
18.70003 1.72086870107631E-10
18.80003 1.72086870107631E-10
18.90003 1.72086870107631E-10
19.00003 1.72086870107631E-10
19.10003 1.72086870107631E-10
19.20004 1.72086870107631E-10
19.30004 1.72086870107631E-10
19.40004 1.72086870107631E-10
19.50004 1.72086870107631E-10
19.60004 1.72086870107631E-10
19.70004 1.72086870107631E-10
19.80004 1.72086870107631E-10
19.90004 1.72086870107631E-10
20.00004 1.72086870107631E-10
20.10004 1.72086870107631E-10
20.20004 1.72086870107631E-10
20.30004 1.72086870107631E-10
20.40004 1.72086870107631E-10
20.50004 1.72086870107631E-10
20.60004 1.72086870107631E-10
20.70004 1.72086870107631E-10
20.80004 1.72086870107631E-10
20.90004 1.72086870107631E-10
21.00004 1.72086870107631E-10
21.10004 1.72086870107631E-10
21.20004 1.72086870107631E-10
21.30004 1.72086870107631E-10
21.40004 1.72086870107631E-10
21.50004 1.72086870107631E-10
21.60004 1.72086870107631E-10
21.70004 1.72086870107631E-10
21.80005 1.72086870107631E-10
21.90005 1.72086870107631E-10
22.00005 1.72086870107631E-10
22.10005 1.72086870107631E-10
22.20005 1.72086870107631E-10
22.30005 1.72086870107631E-10
22.40005 1.72086870107631E-10
22.50005 1.72086870107631E-10
22.60005 1.72086870107631E-10
22.70005 1.72086870107631E-10
22.80005 1.72086870107631E-10
22.90005 1.72086870107631E-10
23.00005 1.72086870107631E-10
23.10005 1.72086870107631E-10
23.20005 1.72086870107631E-10
23.30005 1.72086870107631E-10
23.40005 1.72086870107631E-10
23.50005 1.72086870107631E-10
23.60005 1.72086870107631E-10
23.70005 1.72086870107631E-10
23.80005 1.72086870107631E-10
23.90005 1.72086870107631E-10
24.00005 1.72086870107631E-10
24.10005 1.72086870107631E-10
24.20005 1.72086870107631E-10
24.30005 1.72086870107631E-10
24.40005 1.72086870107631E-10
24.50006 1.72086870107631E-10
24.60006 1.72086870107631E-10
24.70006 1.72086870107631E-10
24.80006 1.72086870107631E-10
24.90006 1.72086870107631E-10
25.00006 1.72086870107631E-10
25.10006 1.72086870107631E-10
25.20006 1.72086870107631E-10
25.30006 1.72086870107631E-10
25.40006 1.72086870107631E-10
25.50006 1.72086870107631E-10
25.60006 1.72086870107631E-10
25.70006 1.72086870107631E-10
25.80006 1.72086870107631E-10
25.90006 1.72086870107631E-10
26.00006 1.72086870107631E-10
26.10006 1.72086870107631E-10
26.20006 1.72086870107631E-10
26.30006 1.72086870107631E-10
26.40006 1.72086870107631E-10
26.50006 1.72086870107631E-10
26.60006 1.72086870107631E-10
26.70006 1.72086870107631E-10
26.80006 1.72086870107631E-10
26.90006 1.72086870107631E-10
27.00006 1.72086870107631E-10
27.10007 1.72086870107631E-10
27.20007 1.72086870107631E-10
27.30007 1.72086870107631E-10
27.40007 1.72086870107631E-10
27.50007 1.72086870107631E-10
27.60007 1.72086870107631E-10
27.70007 1.72086870107631E-10
27.80007 1.72086870107631E-10
27.90007 1.72086870107631E-10
28.00007 1.72086870107631E-10
28.10007 1.72086870107631E-10
28.20007 1.72086870107631E-10
28.30007 1.72086870107631E-10
28.40007 1.72086870107631E-10
28.50007 1.72086870107631E-10
28.60007 1.72086870107631E-10
28.70007 1.72086870107631E-10
28.80007 1.72086870107631E-10
28.90007 1.72086870107631E-10
29.00007 1.72086870107631E-10
29.10007 1.72086870107631E-10
29.20007 1.72086870107631E-10
29.30007 1.72086870107631E-10
29.40007 1.72086870107631E-10
29.50007 1.72086870107631E-10
29.60007 1.72086870107631E-10
29.70008 1.72086870107631E-10
29.80008 1.72086870107631E-10
29.90008 1.72086870107631E-10
