-4.5 0
-4.4 0
-4.3 0
-4.2 0
-4.1 0
-4 0
-3.900001 0
-3.800001 0
-3.700001 0
-3.600001 0
-3.500001 0
-3.400001 0
-3.300001 0
-3.200001 0
-3.100001 0
-3.000001 0
-2.900002 0
-2.800002 0
-2.700002 0
-2.600002 0
-2.500002 0
-2.400002 0
-2.300002 0
-2.200002 0
-2.100002 0
-2.000002 0
-1.900002 0
-1.800002 0
-1.700002 0
-1.600002 0
-1.500002 0
-1.400002 0
-1.300002 0
-1.200002 0
-1.100002 0
-1.000002 0
-0.9000021 0
-0.8000021 0
-0.7000021 0
-0.6000021 9.86157300646218E-12
-0.500002 3.38096153705244E-11
-0.400002 5.7774403880673E-11
-0.300002 8.17536648560113E-11
-0.200002 1.05745098409368E-10
-0.100002 1.29746387691073E-10
-2.041459E-06 1.53755193852213E-10
0.09999796 1.77769161742801E-10
0.199998 2.01785918466642E-10
0.299998 2.25803071940797E-10
0.3999979 2.4981821661989E-10
0.4999979 2.7382892849009E-10
0.5999979 2.97832767227664E-10
0.699998 3.21827283724204E-10
0.799998 3.45809999013525E-10
0.899998 3.69778426121927E-10
0.999998 3.93730063308893E-10
1.099998 4.17662380210523E-10
1.199998 4.41572875295647E-10
1.299998 4.65458990689404E-10
1.399998 4.89318169666263E-10
1.499998 5.13147842805966E-10
1.599998 5.36945428426223E-10
1.699998 5.60708333021307E-10
1.799998 5.84433951706432E-10
1.899998 6.08119668667836E-10
1.999998 6.31762857618456E-10
2.099998 6.55360882259109E-10
2.199998 6.78911068700571E-10
2.299998 7.02410790192374E-10
2.399998 7.25857383228948E-10
2.499998 7.49248176190182E-10
2.599998 7.72580489828466E-10
2.699998 7.95851637760568E-10
2.799998 8.19058926964222E-10
2.899997 8.4219965827931E-10
2.999997 8.65271126913514E-10
3.099997 8.88270622952308E-10
3.199997 9.11195431873168E-10
3.299997 9.34042835063861E-10
3.399997 9.56810110344693E-10
3.499997 9.79494532494562E-10
3.599997 1.0020933737807E-09
3.699997 1.02460390449196E-09
3.799997 1.04702339347547E-09
3.899997 1.0693491086766E-09
3.999996 1.09157831768197E-09
4.099997 1.11370834090704E-09
4.199996 1.13573634133237E-09
4.299996 1.15765964163696E-09
4.399996 1.17947551346003E-09
4.499996 1.20118123083876E-09
4.599996 1.22277407076685E-09
4.699996 1.24425131375515E-09
4.799996 1.26561024439416E-09
4.899996 1.28684815191828E-09
4.999996 1.30796233077156E-09
5.099996 1.32895008117496E-09
5.199996 1.34980870969478E-09
5.299995 1.37053552981217E-09
5.399995 1.39112786249357E-09
5.499995 1.41158303676188E-09
5.599995 1.43189839026825E-09
5.699995 1.45207126986416E-09
5.799995 1.47209903217388E-09
5.899995 1.49197904416688E-09
5.999995 1.51170868373022E-09
6.099995 1.53128534024054E-09
6.199995 1.55070641513576E-09
6.299994 1.569969322486E-09
6.399994 1.58907148956377E-09
6.499994 1.60801035741322E-09
6.599994 1.62678338141813E-09
6.699994 1.64538803186868E-09
6.799994 1.66382179452667E-09
6.899994 1.68208217118905E-09
6.999994 1.70016668024961E-09
7.099994 1.71807285725867E-09
7.199994 1.7357982554805E-09
7.299994 1.75334044644843E-09
7.399993 1.77069702051733E-09
7.499993 1.78786558741342E-09
7.599993 1.80484377678115E-09
7.699993 1.82162923872697E-09
7.799993 1.83821964435989E-09
7.899993 1.8546126863286E-09
7.999993 1.87080607935495E-09
8.099993 1.88679756076369E-09
8.199993 1.90258496579794E-09
8.299994 1.91816600179327E-09
8.399994 1.93353847699008E-09
8.499994 1.94870022430989E-09
8.599995 1.96364910186369E-09
8.699995 1.97838299345547E-09
8.799995 1.9928998090808E-09
8.899996 2.00719748542024E-09
8.999996 2.02127398632755E-09
9.099997 2.03512730331242E-09
9.199997 2.04875545601756E-09
9.299997 2.06215649269008E-09
9.399998 2.07532849064692E-09
9.499998 2.08826955673426E-09
9.599998 2.10097782778059E-09
9.699999 2.11345147104352E-09
9.799999 2.12568868464997E-09
9.9 2.13768769802979E-09
10 2.14944677234239E-09
10.1 2.16096420089658E-09
10.2 2.17223830956321E-09
10.3 2.18326745718052E-09
10.4 2.19405003595223E-09
10.5 2.20458447183799E-09
10.6 2.21486922493621E-09
10.7 2.22490278985919E-09
10.8 2.23468369610016E-09
10.9 2.24421050839248E-09
11 2.25348182706054E-09
11.1 2.26249628836243E-09
11.2 2.27125256482423E-09
11.3 2.27974936556574E-09
11.40001 2.28798543661764E-09
11.50001 2.29595956122988E-09
11.60001 2.30367056017122E-09
11.70001 2.31111729201988E-09
11.80001 2.31829865344507E-09
11.90001 2.32521357947949E-09
12.00001 2.33186104378246E-09
12.10001 2.33824005889383E-09
12.20001 2.34434967647844E-09
12.30001 2.35018898756109E-09
12.40001 2.35575712275186E-09
12.50001 2.36105325246194E-09
12.60001 2.36607658710953E-09
12.70001 2.37082637731607E-09
12.80001 2.37530191409254E-09
12.90001 2.37950252901585E-09
13.00001 2.38342759439523E-09
13.10001 2.38707652342849E-09
13.20001 2.3904487703483E-09
13.30001 2.39354383055821E-09
13.40001 2.39636124075848E-09
13.50001 2.39890057906167E-09
13.60001 2.40116146509793E-09
13.70001 2.40314356010996E-09
13.80001 2.40484656703759E-09
13.90001 2.40627023059202E-09
14.00002 2.40741433731954E-09
14.10002 2.40827871565491E-09
14.20002 2.40886323596425E-09
14.30002 2.4091678105774E-09
14.40002 2.40921618150683E-09
14.50002 2.40921618150683E-09
14.60002 2.40921618150683E-09
14.70002 2.40921618150683E-09
14.80002 2.40921618150683E-09
14.90002 2.40921618150683E-09
15.00002 2.40921618150683E-09
15.10002 2.40921618150683E-09
15.20002 2.40921618150683E-09
15.30002 2.40921618150683E-09
15.40002 2.40921618150683E-09
15.50002 2.40921618150683E-09
15.60002 2.40921618150683E-09
15.70002 2.40921618150683E-09
15.80002 2.40921618150683E-09
15.90002 2.40921618150683E-09
16.00002 2.40921618150683E-09
16.10002 2.40921618150683E-09
16.20002 2.40921618150683E-09
16.30002 2.40921618150683E-09
16.40002 2.40921618150683E-09
16.50002 2.40921618150683E-09
16.60003 2.40921618150683E-09
16.70003 2.40921618150683E-09
16.80003 2.40921618150683E-09
16.90003 2.40921618150683E-09
17.00003 2.40921618150683E-09
17.10003 2.40921618150683E-09
17.20003 2.40921618150683E-09
17.30003 2.40921618150683E-09
17.40003 2.40921618150683E-09
17.50003 2.40921618150683E-09
17.60003 2.40921618150683E-09
17.70003 2.40921618150683E-09
17.80003 2.40921618150683E-09
17.90003 2.40921618150683E-09
18.00003 2.40921618150683E-09
18.10003 2.40921618150683E-09
18.20003 2.40921618150683E-09
18.30003 2.40921618150683E-09
18.40003 2.40921618150683E-09
18.50003 2.40921618150683E-09
18.60003 2.40921618150683E-09
18.70003 2.40921618150683E-09
18.80003 2.40921618150683E-09
18.90003 2.40921618150683E-09
19.00003 2.40921618150683E-09
19.10003 2.40921618150683E-09
19.20004 2.40921618150683E-09
19.30004 2.40921618150683E-09
19.40004 2.40921618150683E-09
19.50004 2.40921618150683E-09
19.60004 2.40921618150683E-09
19.70004 2.40921618150683E-09
19.80004 2.40921618150683E-09
19.90004 2.40921618150683E-09
20.00004 2.40921618150683E-09
20.10004 2.40921618150683E-09
20.20004 2.40921618150683E-09
20.30004 2.40921618150683E-09
20.40004 2.40921618150683E-09
20.50004 2.40921618150683E-09
20.60004 2.40921618150683E-09
20.70004 2.40921618150683E-09
20.80004 2.40921618150683E-09
20.90004 2.40921618150683E-09
21.00004 2.40921618150683E-09
21.10004 2.40921618150683E-09
21.20004 2.40921618150683E-09
21.30004 2.40921618150683E-09
21.40004 2.40921618150683E-09
21.50004 2.40921618150683E-09
21.60004 2.40921618150683E-09
21.70004 2.40921618150683E-09
21.80005 2.40921618150683E-09
21.90005 2.40921618150683E-09
22.00005 2.40921618150683E-09
22.10005 2.40921618150683E-09
22.20005 2.40921618150683E-09
22.30005 2.40921618150683E-09
22.40005 2.40921618150683E-09
22.50005 2.40921618150683E-09
22.60005 2.40921618150683E-09
22.70005 2.40921618150683E-09
22.80005 2.40921618150683E-09
22.90005 2.40921618150683E-09
23.00005 2.40921618150683E-09
23.10005 2.40921618150683E-09
23.20005 2.40921618150683E-09
23.30005 2.40921618150683E-09
23.40005 2.40921618150683E-09
23.50005 2.40921618150683E-09
23.60005 2.40921618150683E-09
23.70005 2.40921618150683E-09
23.80005 2.40921618150683E-09
23.90005 2.40921618150683E-09
24.00005 2.40921618150683E-09
24.10005 2.40921618150683E-09
24.20005 2.40921618150683E-09
24.30005 2.40921618150683E-09
24.40005 2.40921618150683E-09
24.50006 2.40921618150683E-09
24.60006 2.40921618150683E-09
24.70006 2.40921618150683E-09
24.80006 2.40921618150683E-09
24.90006 2.40921618150683E-09
25.00006 2.40921618150683E-09
25.10006 2.40921618150683E-09
25.20006 2.40921618150683E-09
25.30006 2.40921618150683E-09
25.40006 2.40921618150683E-09
25.50006 2.40921618150683E-09
25.60006 2.40921618150683E-09
25.70006 2.40921618150683E-09
25.80006 2.40921618150683E-09
25.90006 2.40921618150683E-09
26.00006 2.40921618150683E-09
26.10006 2.40921618150683E-09
26.20006 2.40921618150683E-09
26.30006 2.40921618150683E-09
26.40006 2.40921618150683E-09
26.50006 2.40921618150683E-09
26.60006 2.40921618150683E-09
26.70006 2.40921618150683E-09
26.80006 2.40921618150683E-09
26.90006 2.40921618150683E-09
27.00006 2.40921618150683E-09
27.10007 2.40921618150683E-09
27.20007 2.40921618150683E-09
27.30007 2.40921618150683E-09
27.40007 2.40921618150683E-09
27.50007 2.40921618150683E-09
27.60007 2.40921618150683E-09
27.70007 2.40921618150683E-09
27.80007 2.40921618150683E-09
27.90007 2.40921618150683E-09
28.00007 2.40921618150683E-09
28.10007 2.40921618150683E-09
28.20007 2.40921618150683E-09
28.30007 2.40921618150683E-09
28.40007 2.40921618150683E-09
28.50007 2.40921618150683E-09
28.60007 2.40921618150683E-09
28.70007 2.40921618150683E-09
28.80007 2.40921618150683E-09
28.90007 2.40921618150683E-09
29.00007 2.40921618150683E-09
29.10007 2.40921618150683E-09
29.20007 2.40921618150683E-09
29.30007 2.40921618150683E-09
29.40007 2.40921618150683E-09
29.50007 2.40921618150683E-09
29.60007 2.40921618150683E-09
29.70008 2.40921618150683E-09
29.80008 2.40921618150683E-09
29.90008 2.40921618150683E-09
