-4.5 0
-4.4 0
-4.3 0
-4.2 0
-4.1 0
-4 0
-3.900001 0
-3.800001 0
-3.700001 0
-3.600001 0
-3.500001 0
-3.400001 0
-3.300001 0
-3.200001 0
-3.100001 0
-3.000001 0
-2.900002 0
-2.800002 0
-2.700002 0
-2.600002 0
-2.500002 0
-2.400002 0
-2.300002 0
-2.200002 0
-2.100002 0
-2.000002 0
-1.900002 0
-1.800002 0
-1.700002 0
-1.600002 0
-1.500002 0
-1.400002 0
-1.300002 0
-1.200002 0
-1.100002 0
-1.000002 0
-0.9000021 0
-0.8000021 0
-0.7000021 0
-0.6000021 0
-0.500002 0
-0.400002 0
-0.300002 0
-0.200002 0
-0.100002 0
-2.041459E-06 0
0.09999796 0
0.199998 0
0.299998 0
0.3999979 0
0.4999979 0
0.5999979 0
0.699998 0
0.799998 0
0.899998 0
0.999998 0
1.099998 0
1.199998 0
1.299998 0
1.399998 0
1.499998 0
1.599998 0
1.699998 0
1.799998 0
1.899998 0
1.999998 0
2.099998 0
2.199998 0
2.299998 0
2.399998 0
2.499998 0
2.599998 0
2.699998 0
2.799998 0
2.899997 0
2.999997 0
3.099997 0
3.199997 0
3.299997 0
3.399997 0
3.499997 0
3.599997 0
3.699997 0
3.799997 0
3.899997 0
3.999996 0
4.099997 0
4.199996 0
4.299996 0
4.399996 2.92218944263148E-14
4.499996 2.92218944263148E-14
4.599996 8.43773461064045E-14
4.699996 8.43773461064045E-14
4.799996 1.79881581761216E-13
4.899996 1.79881581761216E-13
4.999996 1.79881581761216E-13
5.099996 2.19231813403237E-13
5.199996 2.19231813403237E-13
5.299995 2.76443595125844E-13
5.399995 2.76443595125844E-13
5.499995 3.43137772241212E-13
5.599995 3.43137772241212E-13
5.699995 3.89795819387344E-13
5.799995 3.89795819387344E-13
5.899995 4.6723351333311E-13
5.999995 4.6723351333311E-13
6.099995 5.38160361763458E-13
6.199995 5.38160361763458E-13
6.299994 5.88042621237785E-13
6.399994 5.88042621237785E-13
6.499994 5.95527216811005E-13
6.599994 5.95527216811005E-13
6.699994 5.95527216811005E-13
6.799994 5.97130365439037E-13
6.899994 5.97130365439037E-13
6.999994 6.12533248151081E-13
7.099994 6.12533248151081E-13
7.199994 6.64901592038424E-13
7.299994 6.64901592038424E-13
7.399993 7.19120398410455E-13
7.499993 7.19120398410455E-13
7.599993 7.7473595824467E-13
7.699993 7.7473595824467E-13
7.799993 7.9761774705895E-13
7.899993 7.9761774705895E-13
7.999993 8.30672176927546E-13
8.099993 8.30672176927546E-13
8.199993 8.30672176927546E-13
8.299994 8.43700381937205E-13
8.399994 8.43700381937205E-13
8.499994 8.75098873468243E-13
8.599995 8.75098873468243E-13
8.699995 9.05500504873383E-13
8.799995 9.05500504873383E-13
8.899996 9.36672341870788E-13
8.999996 9.36672341870788E-13
9.099997 9.59184738662942E-13
9.199997 9.59184738662942E-13
9.299997 9.68019241752592E-13
9.399998 9.68019241752592E-13
9.499998 9.71360832565134E-13
9.599998 9.71360832565134E-13
9.699999 9.71360832565134E-13
9.799999 9.73756190226731E-13
9.9 9.73756190226731E-13
10 9.82558612285954E-13
10.1 9.82558612285954E-13
10.2 1.00760502284221E-12
10.3 1.00760502284221E-12
10.4 1.01443771625009E-12
10.5 1.01443771625009E-12
10.6 1.01874192862535E-12
10.7 1.01874192862535E-12
10.8 1.03392403693256E-12
10.9 1.03392403693256E-12
11 1.05059175275178E-12
11.1 1.05059175275178E-12
11.2 1.05059175275178E-12
11.3 1.06543639793186E-12
11.40001 1.06543639793186E-12
11.50001 1.08051835750102E-12
11.60001 1.08051835750102E-12
11.70001 1.08791085863413E-12
11.80001 1.08791085863413E-12
11.90001 1.0881646531297E-12
12.00001 1.0881646531297E-12
12.10001 1.09392298622798E-12
12.20001 1.09392298622798E-12
12.30001 1.10203439500856E-12
12.40001 1.10203439500856E-12
12.50001 1.10858585222467E-12
12.60001 1.10858585222467E-12
12.70001 1.10858585222467E-12
12.80001 1.11459346721333E-12
12.90001 1.11459346721333E-12
13.00001 1.12089889606295E-12
13.10001 1.12089889606295E-12
13.20001 1.12353951158259E-12
13.30001 1.12353951158259E-12
13.40001 1.1275729847353E-12
13.50001 1.1275729847353E-12
13.60001 1.13135577920893E-12
13.70001 1.13135577920893E-12
13.80001 1.13218584098262E-12
13.90001 1.13218584098262E-12
14.00002 1.13263006414045E-12
14.10002 1.13263006414045E-12
14.20002 1.13263006414045E-12
14.30002 1.13392571354656E-12
14.40002 1.13392571354656E-12
14.50002 1.13594925473893E-12
14.60002 1.13594925473893E-12
14.70002 1.13768189956471E-12
14.80002 1.13768189956471E-12
14.90002 1.13869859296063E-12
15.00002 1.13869859296063E-12
15.10002 1.14023983696613E-12
15.20002 1.14023983696613E-12
15.30002 1.14070664856509E-12
15.40002 1.14070664856509E-12
15.50002 1.14115764396538E-12
15.60002 1.14115764396538E-12
15.70002 1.14115764396538E-12
15.80002 1.14185120353114E-12
15.90002 1.14185120353114E-12
16.00002 1.14225819951558E-12
16.10002 1.14225819951558E-12
16.20002 1.14273260270156E-12
16.30002 1.14273260270156E-12
16.40002 1.14313969385621E-12
16.50002 1.14313969385621E-12
16.60003 1.1431675300513E-12
16.70003 1.1431675300513E-12
16.80003 1.1434560793065E-12
16.90003 1.1434560793065E-12
17.00003 1.14357057035317E-12
17.10003 1.14357057035317E-12
17.20003 1.14357057035317E-12
17.30003 1.14378283351645E-12
17.40003 1.14378283351645E-12
17.50003 1.14386462424106E-12
17.60003 1.14386462424106E-12
17.70003 1.14390515543516E-12
17.80003 1.14390515543516E-12
17.90003 1.14402452428696E-12
18.00003 1.14402452428696E-12
18.10003 1.14410174227445E-12
18.20003 1.14410174227445E-12
18.30003 1.14418428250398E-12
18.40003 1.14418428250398E-12
18.50003 1.14423719736314E-12
18.60003 1.14423719736314E-12
18.70003 1.14423719736314E-12
18.80003 1.14428971919578E-12
18.90003 1.14428971919578E-12
19.00003 1.1443314064107E-12
19.10003 1.1443314064107E-12
19.20004 1.14436557562195E-12
19.30004 1.14436557562195E-12
19.40004 1.14436620976854E-12
19.50004 1.14436620976854E-12
19.60004 1.14436999318675E-12
19.70004 1.14436999318675E-12
19.80004 1.14437919333026E-12
19.90004 1.14437919333026E-12
20.00004 1.14438488439084E-12
20.10004 1.14438488439084E-12
20.20004 1.14438488439084E-12
20.30004 1.14439036473181E-12
20.40004 1.14439036473181E-12
20.50004 1.14439300588214E-12
20.60004 1.14439300588214E-12
20.70004 1.14439606907301E-12
20.80004 1.14439606907301E-12
20.90004 1.14439857898404E-12
21.00004 1.14439857898404E-12
21.10004 1.14440169348927E-12
21.20004 1.14440169348927E-12
21.30004 1.14440482929391E-12
21.40004 1.14440482929391E-12
21.50004 1.14440758727118E-12
21.60004 1.14440758727118E-12
21.70004 1.14440758727118E-12
21.80005 1.14440853164548E-12
21.90005 1.14440853164548E-12
22.00005 1.14440937228136E-12
22.10005 1.14440937228136E-12
22.20005 1.14440975082461E-12
22.30005 1.14440975082461E-12
22.40005 1.1444101841095E-12
22.50005 1.1444101841095E-12
22.60005 1.14441033058604E-12
22.70005 1.14441033058604E-12
22.80005 1.14441079148257E-12
22.90005 1.14441079148257E-12
23.00005 1.14441112723014E-12
23.10005 1.14441112723014E-12
23.20005 1.14441142127503E-12
23.30005 1.14441142127503E-12
23.40005 1.14441142127503E-12
23.50005 1.14441154711675E-12
23.60005 1.14441154711675E-12
23.70005 1.14441160932459E-12
23.80005 1.14441160932459E-12
23.90005 1.14441169420268E-12
24.00005 1.14441169420268E-12
24.10005 1.14441170505337E-12
24.20005 1.14441170505337E-12
24.30005 1.14441175697901E-12
24.40005 1.14441175697901E-12
24.50006 1.14441180400221E-12
24.60006 1.14441180400221E-12
24.70006 1.14441182709629E-12
24.80006 1.14441182709629E-12
24.90006 1.14441182709629E-12
25.00006 1.14441184814836E-12
25.10006 1.14441184814836E-12
25.20006 1.14441186462821E-12
25.30006 1.14441186462821E-12
25.40006 1.1444118666583E-12
25.50006 1.1444118666583E-12
25.60006 1.14441187142857E-12
25.70006 1.14441187142857E-12
25.80006 1.14441187142857E-12
25.90006 1.14441187142857E-12
26.00006 1.14441187142857E-12
26.10006 1.14441187142857E-12
26.20006 1.14441187142857E-12
26.30006 1.14441187142857E-12
26.40006 1.14441187142857E-12
26.50006 1.14441187142857E-12
26.60006 1.14441187142857E-12
26.70006 1.14441187142857E-12
26.80006 1.14441187142857E-12
26.90006 1.14441187142857E-12
27.00006 1.14441187142857E-12
27.10007 1.14441187142857E-12
27.20007 1.14441187142857E-12
27.30007 1.14441187142857E-12
27.40007 1.14441187142857E-12
27.50007 1.14441187142857E-12
27.60007 1.14441187142857E-12
27.70007 1.14441187142857E-12
27.80007 1.14441187142857E-12
27.90007 1.14441187142857E-12
28.00007 1.14441187142857E-12
28.10007 1.14441187142857E-12
28.20007 1.14441187142857E-12
28.30007 1.14441187142857E-12
28.40007 1.14441187142857E-12
28.50007 1.14441187142857E-12
28.60007 1.14441187142857E-12
28.70007 1.14441187142857E-12
28.80007 1.14441187142857E-12
28.90007 1.14441187142857E-12
29.00007 1.14441187142857E-12
29.10007 1.14441187142857E-12
29.20007 1.14441187142857E-12
29.30007 1.14441187142857E-12
29.40007 1.14441187142857E-12
29.50007 1.14441187142857E-12
29.60007 1.14441187142857E-12
29.70008 1.14441187142857E-12
29.80008 1.14441187142857E-12
29.90008 1.14441187142857E-12
