-4.5 4.09737825393677E-14
-4.4 8.86040449142456E-13
-4.3 3.24662655591965E-13
-4.2 -7.17765331268311E-13
-4.1 -5.90533018112183E-14
-4 5.76110601425171E-13
-3.900001 1.83746218681335E-13
-3.800001 7.61979103088379E-13
-3.700001 1.29305124282837E-14
-3.600001 4.43845242261887E-13
-3.500001 -2.10099101066589E-13
-3.400001 -3.97586226463318E-13
-3.300001 7.77723550796509E-13
-3.200001 7.7228832244873E-13
-3.100001 -7.99517869949341E-13
-3.000001 -9.83441829681397E-13
-2.900002 -1.51431202888489E-13
-2.800002 -9.12177562713623E-15
-2.700002 1.25256419181824E-13
-2.600002 1.12348675727844E-13
-2.500002 -5.27513027191162E-15
-2.400002 -1.60082697868347E-13
-2.300002 3.85840147733688E-13
-2.200002 -6.9492769241333E-13
-2.100002 -6.74297332763672E-13
-2.000002 7.28466272354126E-13
-1.900002 -6.91882848739624E-13
-1.800002 1.87033772468567E-13
-1.700002 -3.28206419944763E-13
-1.600002 -5.17057657241821E-13
-1.500002 -2.56781935691833E-13
-1.400002 9.77032899856567E-13
-1.300002 1.08137249946594E-13
-1.200002 8.81839990615845E-13
-1.100002 6.97456527074598E-12
-1.000002 1.34264922151097E-11
-0.9000021 1.9720055830657E-11
-0.8000021 2.68232150269225E-11
-0.7000021 3.30127897847849E-11
-0.6000021 4.09643150426254E-11
-0.500002 4.7592120575508E-11
-0.400002 5.4372295622556E-11
-0.300002 6.13850317038923E-11
-0.200002 6.89674643538816E-11
-0.100002 7.49641596498124E-11
-2.041459E-06 8.11946720012603E-11
0.09999796 8.92088648791253E-11
0.199998 9.59836872797143E-11
0.299998 1.03346456156748E-10
0.3999979 1.09567223568202E-10
0.4999979 1.15758935958477E-10
0.5999979 1.23529470945226E-10
0.699998 1.29487796451769E-10
0.799998 1.36814099896629E-10
0.899998 1.44400715242491E-10
0.999998 1.50775182630953E-10
1.099998 1.56480818984914E-10
1.199998 1.64658561431481E-10
1.299998 1.70068261746289E-10
1.399998 1.77539621570504E-10
1.499998 1.83460740731905E-10
1.599998 1.91309459854094E-10
1.699998 1.98482479606689E-10
1.799998 2.03609799720437E-10
1.899998 2.10087164495444E-10
1.999998 2.17292742721365E-10
2.099998 2.24891565126815E-10
2.199998 2.31849197552071E-10
2.299998 2.37659373409023E-10
2.399998 2.44190090741719E-10
2.499998 2.50839553578564E-10
2.599998 2.57336157725895E-10
2.699998 2.64605824804535E-10
2.799998 2.70433178960808E-10
2.899997 2.77415132044992E-10
2.999997 2.84353319789726E-10
3.099997 2.90616575807394E-10
3.199997 2.96082702535034E-10
3.299997 3.02564186477024E-10
3.399997 3.09303168294063E-10
3.499997 3.15792871376951E-10
3.599997 3.2091080667179E-10
3.699997 3.28295693507482E-10
3.799997 3.33258163829985E-10
3.899997 3.40511021958267E-10
3.999996 3.46180679864914E-10
4.099997 3.52360352508584E-10
4.199996 3.5940207661945E-10
4.299996 3.64203101786337E-10
4.399996 3.70742957578655E-10
4.499996 3.76421542263743E-10
4.599996 3.82895468880161E-10
4.699996 3.89169202898887E-10
4.799996 3.94034448783785E-10
4.899996 4.0059702463734E-10
4.999996 4.07232261221541E-10
5.099996 4.1272182810006E-10
5.199996 4.17205213653967E-10
5.299995 4.24472833291342E-10
5.399995 4.28918210771273E-10
5.499995 4.35789502309098E-10
5.599995 4.41246029390979E-10
5.699995 4.45361073918127E-10
5.799995 4.5144440625526E-10
5.899995 4.56067946861876E-10
5.999995 4.63146318794261E-10
6.099995 4.67508607449158E-10
6.199995 4.73092453356803E-10
6.299994 4.77581627014864E-10
6.399994 4.83906959120048E-10
6.499994 4.88065101838584E-10
6.599994 4.93433600310167E-10
6.699994 4.99554357953885E-10
6.799994 5.03402637752712E-10
6.899994 5.08188063840515E-10
6.999994 5.12942490468384E-10
7.099994 5.18788439665188E-10
7.199994 5.23292285466604E-10
7.299994 5.27667451578089E-10
7.399993 5.32365144161849E-10
7.499993 5.37158045791054E-10
7.599993 5.41651545681903E-10
7.699993 5.45164392062272E-10
7.799993 5.50667398598912E-10
7.899993 5.54450853010924E-10
7.999993 5.58711110843528E-10
8.099993 5.63869835467375E-10
8.199993 5.68112737044901E-10
8.299994 5.708831748979E-10
8.399994 5.76262658364854E-10
8.499994 5.79394206960385E-10
8.599995 5.83333354397589E-10
8.699995 5.87140872569902E-10
8.799995 5.90440707280377E-10
8.899996 5.94466791384902E-10
8.999996 5.98169597761769E-10
9.099997 6.01726016168217E-10
9.199997 6.04944756027441E-10
9.299997 6.09960563639183E-10
9.399998 6.13349398503419E-10
9.499998 6.15724491929102E-10
9.599998 6.18291392757699E-10
9.699999 6.22975570295608E-10
9.799999 6.25294004208702E-10
9.9 6.27709161122996E-10
10 6.31407694371506E-10
10.1 6.33637730455534E-10
10.2 6.37919055274463E-10
10.3 6.39566659494606E-10
10.4 6.42529715391394E-10
10.5 6.44272544088561E-10
10.6 6.47027217278291E-10
10.7 6.50055787234844E-10
10.8 6.53132286154562E-10
10.9 6.5407402109763E-10
11 6.57552308257415E-10
11.1 6.58983154043246E-10
11.2 6.60450699939771E-10
11.3 6.63374513720595E-10
11.40001 6.65190380038445E-10
11.50001 6.67534193702664E-10
11.60001 6.69230992883084E-10
11.70001 6.70379815032918E-10
11.80001 6.72543494177024E-10
11.90001 6.74509959005421E-10
12.00001 6.76196086975716E-10
12.10001 6.77525959499303E-10
12.20001 6.78180776999665E-10
12.30001 6.79650864940512E-10
12.40001 6.80162277221689E-10
12.50001 6.82071271267982E-10
12.60001 6.8300877962816E-10
12.70001 6.82913403212626E-10
12.80001 6.85179571162466E-10
12.90001 6.84318461205761E-10
13.00001 6.86196564716729E-10
13.10001 6.85770649147988E-10
13.20001 6.87533390692631E-10
13.30001 6.87928457297907E-10
13.40001 6.87762444699703E-10
13.50001 6.88627803014094E-10
13.60001 6.88330949138627E-10
13.70001 6.89141712320537E-10
13.80001 6.89047132053144E-10
13.90001 6.88902259721676E-10
14.00002 6.88287796034733E-10
14.10002 6.89025984420697E-10
14.20002 6.88696034058253E-10
14.30002 6.88116508021275E-10
14.40002 6.88773912533442E-10
14.50002 6.88939489736477E-10
14.60002 6.87535149230877E-10
14.70002 6.89250568761746E-10
14.80002 6.89258743419567E-10
14.90002 6.88560153736988E-10
15.00002 6.87780019416729E-10
15.10002 6.8772988904945E-10
15.20002 6.89242549076E-10
15.30002 6.8801906396381E-10
15.40002 6.8841619779102E-10
15.50002 6.87633729829708E-10
15.60002 6.88031108870426E-10
15.70002 6.88324949278752E-10
15.80002 6.88455575957218E-10
15.90002 6.89316182508389E-10
16.00002 6.88324830546299E-10
16.10002 6.88699769838969E-10
16.20002 6.88241759791294E-10
16.30002 6.8814356733791E-10
16.40002 6.8765290512077E-10
16.50002 6.8739163602821E-10
16.60003 6.89119527950207E-10
16.70003 6.87817982568661E-10
16.80003 6.88773744686762E-10
16.90003 6.88942170038143E-10
17.00003 6.89144403114239E-10
17.10003 6.87774016752163E-10
17.20003 6.89107634677807E-10
17.30003 6.88035232081333E-10
17.40003 6.87813411846081E-10
17.50003 6.89113875522534E-10
17.60003 6.89192361488262E-10
17.70003 6.87775755777279E-10
17.80003 6.8790587831966E-10
17.90003 6.89071987047116E-10
18.00003 6.8798993827335E-10
18.10003 6.88781991823832E-10
18.20003 6.88799602850596E-10
18.30003 6.88178348317066E-10
18.40003 6.87445899619976E-10
18.50003 6.89197212114254E-10
18.60003 6.89319500818173E-10
18.70003 6.8833616997234E-10
18.80003 6.88339144482533E-10
18.90003 6.89002772703091E-10
19.00003 6.88866162433544E-10
19.10003 6.87994970097462E-10
19.20004 6.87549953355709E-10
19.30004 6.88379522337834E-10
19.40004 6.87517503633419E-10
19.50004 6.87744607343594E-10
19.60004 6.87529574766079E-10
19.70004 6.88485543026844E-10
19.80004 6.88713972433726E-10
19.90004 6.87963009133259E-10
20.00004 6.874736555957E-10
20.10004 6.87636933221737E-10
20.20004 6.88946532621304E-10
20.30004 6.88810650452296E-10
20.40004 6.87623719110409E-10
20.50004 6.88725031479517E-10
20.60004 6.88368560328404E-10
20.70004 6.87660178556362E-10
20.80004 6.89236280813137E-10
20.90004 6.88732103212992E-10
21.00004 6.88967207326809E-10
21.10004 6.88726815327326E-10
21.20004 6.89208023204724E-10
21.30004 6.88104174628178E-10
21.40004 6.87921210780064E-10
21.50004 6.88202451004902E-10
21.60004 6.87718813791195E-10
21.70004 6.88535205616871E-10
21.80005 6.88485125794331E-10
21.90005 6.88305194868962E-10
22.00005 6.87541573896328E-10
22.10005 6.88295562996784E-10
22.20005 6.88679298981348E-10
22.30005 6.88224379315296E-10
22.40005 6.8906050075523E-10
22.50005 6.88922350301663E-10
22.60005 6.87836167468945E-10
22.70005 6.89189869060436E-10
22.80005 6.88204615607182E-10
22.90005 6.88041945233265E-10
23.00005 6.88279719605366E-10
23.10005 6.88369010224263E-10
23.20005 6.88475879206577E-10
23.30005 6.89083655967633E-10
23.40005 6.87388881816784E-10
23.50005 6.88510954394261E-10
23.60005 6.87790413751522E-10
23.70005 6.8774941863052E-10
23.80005 6.88812254532496E-10
23.90005 6.8777663816444E-10
24.00005 6.88906719579617E-10
24.10005 6.88134926333348E-10
24.20005 6.88585109248081E-10
24.30005 6.88112393155018E-10
24.40005 6.88105654730717E-10
24.50006 6.87698829784313E-10
24.60006 6.89220105304638E-10
24.70006 6.88371042981068E-10
24.80006 6.88581459536473E-10
24.90006 6.87909790530125E-10
25.00006 6.87514160766522E-10
25.10006 6.88770560129801E-10
25.20006 6.88135227456013E-10
25.30006 6.8900944603912E-10
25.40006 6.89208717241207E-10
25.50006 6.89287392988125E-10
25.60006 6.89100037946621E-10
25.70006 6.88470250382344E-10
25.80006 6.88820668800989E-10
25.90006 6.87598589076916E-10
26.00006 6.88037421955982E-10
26.10006 6.88289111628453E-10
26.20006 6.89310724153439E-10
26.30006 6.88767450197855E-10
26.40006 6.89132048501889E-10
26.50006 6.87725829973141E-10
26.60006 6.88684610232035E-10
26.70006 6.87534945382992E-10
26.80006 6.88533584608952E-10
26.90006 6.89338214769284E-10
27.00006 6.88823174103419E-10
27.10007 6.88207379355351E-10
27.20007 6.88049069180409E-10
27.30007 6.88163806214253E-10
27.40007 6.8788736058704E-10
27.50007 6.88430302157322E-10
27.60007 6.87550624027172E-10
27.70007 6.89324399843136E-10
27.80007 6.89197406663815E-10
27.90007 6.88341079010884E-10
28.00007 6.88525291218678E-10
28.10007 6.88572262301365E-10
28.20007 6.88390733494679E-10
28.30007 6.88131789460102E-10
28.40007 6.88723094328562E-10
28.50007 6.88702307327906E-10
28.60007 6.88617121084849E-10
28.70007 6.88905741348187E-10
28.80007 6.87367100372235E-10
28.90007 6.88179856314579E-10
29.00007 6.89293193473736E-10
29.10007 6.88766234739939E-10
29.20007 6.88287564768711E-10
29.30007 6.87876719965855E-10
29.40007 6.88174223914067E-10
29.50007 6.89198203458706E-10
29.60007 6.88302231087605E-10
29.70008 6.88026491417805E-10
29.80008 6.89066395654599E-10
29.90008 6.88737705572764E-10
