-4.5 0
-4.4 0
-4.3 0
-4.2 0
-4.1 0
-4 0
-3.900001 0
-3.800001 0
-3.700001 0
-3.600001 0
-3.500001 0
-3.400001 0
-3.300001 0
-3.200001 0
-3.100001 0
-3.000001 0
-2.900002 0
-2.800002 0
-2.700002 0
-2.600002 0
-2.500002 0
-2.400002 0
-2.300002 0
-2.200002 0
-2.100002 0
-2.000002 0
-1.900002 0
-1.800002 0
-1.700002 0
-1.600002 0
-1.500002 0
-1.400002 0
-1.300002 0
-1.200002 0
-1.100002 6.52405837496541E-12
-1.000002 1.33690301188954E-11
-0.9000021 2.02184361340398E-11
-0.8000021 2.70716217947676E-11
-0.7000021 3.39279270757395E-11
-0.6000021 4.07866866446838E-11
-0.500002 4.76472299571837E-11
-0.400002 5.45088793084309E-11
-0.300002 6.13709560670285E-11
-0.200002 6.82327746413572E-11
-0.100002 7.50936451377504E-11
-2.041459E-06 8.19528719314514E-11
0.09999796 8.88097553069532E-11
0.199998 9.56635910551679E-11
0.299998 1.02513670073527E-10
0.3999979 1.09359280009509E-10
0.4999979 1.16199703842731E-10
0.5999979 1.23034220511542E-10
0.699998 1.29862107064447E-10
0.799998 1.36682632673461E-10
0.899998 1.43495064865217E-10
0.999998 1.50298667606053E-10
1.099998 1.57092697379995E-10
1.199998 1.63876419507576E-10
1.299998 1.70649083975674E-10
1.399998 1.77409941771424E-10
1.499998 1.84158240960787E-10
1.599998 1.90893226821152E-10
1.699998 1.97614141975464E-10
1.799998 2.0432022652784E-10
1.899998 2.11010718200659E-10
1.999998 2.17684852473066E-10
2.099998 2.24341862720885E-10
2.199998 2.30980972454415E-10
2.299998 2.37601419216861E-10
2.399998 2.44202430929745E-10
2.499998 2.50783233984181E-10
2.599998 2.57343053387249E-10
2.699998 2.63881112909546E-10
2.799998 2.70396635233887E-10
2.899997 2.76888842105112E-10
2.999997 2.83356954480965E-10
3.099997 2.89800192683996E-10
3.199997 2.96217776554466E-10
3.299997 3.02608925604183E-10
3.399997 3.08972859171262E-10
3.499997 3.15308796575744E-10
3.599997 3.21615957276038E-10
3.699997 3.27893561026146E-10
3.799997 3.34140828033629E-10
3.899997 3.40356979118263E-10
3.999996 3.46541235871346E-10
4.099997 3.52692835442582E-10
4.199996 3.58810972112004E-10
4.299996 3.64894885452948E-10
4.399996 3.70943801747318E-10
4.499996 3.76956948853251E-10
4.599996 3.82933556367382E-10
4.699996 3.88872855787423E-10
4.799996 3.94774080675035E-10
4.899996 4.00636466818927E-10
4.999996 4.06459252398147E-10
5.099996 4.12241678145503E-10
5.199996 4.17982987511084E-10
5.299995 4.23682426825812E-10
5.399995 4.29339245464991E-10
5.499995 4.34952696011796E-10
5.599995 4.40522034420657E-10
5.699995 4.46046520180487E-10
5.799995 4.51525416477695E-10
5.899995 4.56957990358962E-10
5.999995 4.62343512893687E-10
6.099995 4.67681259336098E-10
6.199995 4.72970509286941E-10
6.299994 4.78210546854723E-10
6.399994 4.83400660816444E-10
6.499994 4.8854014477777E-10
6.599994 4.93628297332605E-10
6.699994 4.98664422221997E-10
6.799994 5.03647828492344E-10
6.899994 5.08577830652839E-10
6.999994 5.13453748832108E-10
7.099994 5.18274908933987E-10
7.199994 5.23040642792397E-10
7.299994 5.27750288325258E-10
7.399993 5.324031896874E-10
7.499993 5.36998697422409E-10
7.599993 5.41536168613383E-10
7.699993 5.46014967032518E-10
7.799993 5.50434463289502E-10
7.899993 5.54794034978659E-10
7.999993 5.59093066824782E-10
8.099993 5.63330950827635E-10
8.199993 5.67507106170267E-10
8.299994 5.71620919467679E-10
8.399994 5.75671805389008E-10
8.499994 5.79659186442082E-10
8.599995 5.83582493110472E-10
8.699995 5.87441163988931E-10
8.799995 5.91234645917156E-10
8.899996 5.94962394111838E-10
8.999996 5.98623872296948E-10
9.099997 6.02218552832226E-10
9.199997 6.05745916839819E-10
9.299997 6.09205454329033E-10
9.399998 6.12596664319154E-10
9.499998 6.15919054960298E-10
9.599998 6.19172143652245E-10
9.699999 6.22355457161224E-10
9.799999 6.25468531734603E-10
9.9 6.2851091321345E-10
10 6.31482157142921E-10
10.1 6.34381828880446E-10
10.2 6.37209503701663E-10
10.3 6.39964766904083E-10
10.4 6.42647213908431E-10
10.5 6.45256450357635E-10
10.6 6.47792092213441E-10
10.7 6.50253765850605E-10
10.8 6.52641108148628E-10
10.9 6.54953766581028E-10
11 6.5719139930208E-10
11.1 6.59353675231028E-10
11.2 6.61440274133726E-10
11.3 6.63450886701667E-10
11.40001 6.65385214628403E-10
11.50001 6.67242970683302E-10
11.60001 6.69023878782628E-10
11.70001 6.7072767405792E-10
11.80001 6.72354102921645E-10
11.90001 6.739029231301E-10
12.00001 6.75373903843544E-10
12.10001 6.76766825683538E-10
12.20001 6.78081480787469E-10
12.30001 6.79317672860253E-10
12.40001 6.80475217223177E-10
12.50001 6.81553940859885E-10
12.60001 6.82553682459476E-10
12.70001 6.83474292456706E-10
12.80001 6.84315633069281E-10
12.90001 6.85077578332225E-10
13.00001 6.85760014129313E-10
13.10001 6.86362838221551E-10
13.20001 6.86885960272709E-10
13.30001 6.87329301871882E-10
13.40001 6.87692796553073E-10
13.50001 6.87976389811809E-10
13.60001 6.88180039118752E-10
13.70001 6.88303713930339E-10
13.80001 6.88347395696409E-10
13.90001 6.88347480430523E-10
14.00002 6.88347480430523E-10
14.10002 6.88347480430523E-10
14.20002 6.88347480430523E-10
14.30002 6.88347480430523E-10
14.40002 6.88347480430523E-10
14.50002 6.88347480430523E-10
14.60002 6.88347480430523E-10
14.70002 6.88347480430523E-10
14.80002 6.88347480430523E-10
14.90002 6.88347480430523E-10
15.00002 6.88347480430523E-10
15.10002 6.88347480430523E-10
15.20002 6.88347480430523E-10
15.30002 6.88347480430523E-10
15.40002 6.88347480430523E-10
15.50002 6.88347480430523E-10
15.60002 6.88347480430523E-10
15.70002 6.88347480430523E-10
15.80002 6.88347480430523E-10
15.90002 6.88347480430523E-10
16.00002 6.88347480430523E-10
16.10002 6.88347480430523E-10
16.20002 6.88347480430523E-10
16.30002 6.88347480430523E-10
16.40002 6.88347480430523E-10
16.50002 6.88347480430523E-10
16.60003 6.88347480430523E-10
16.70003 6.88347480430523E-10
16.80003 6.88347480430523E-10
16.90003 6.88347480430523E-10
17.00003 6.88347480430523E-10
17.10003 6.88347480430523E-10
17.20003 6.88347480430523E-10
17.30003 6.88347480430523E-10
17.40003 6.88347480430523E-10
17.50003 6.88347480430523E-10
17.60003 6.88347480430523E-10
17.70003 6.88347480430523E-10
17.80003 6.88347480430523E-10
17.90003 6.88347480430523E-10
18.00003 6.88347480430523E-10
18.10003 6.88347480430523E-10
18.20003 6.88347480430523E-10
18.30003 6.88347480430523E-10
18.40003 6.88347480430523E-10
18.50003 6.88347480430523E-10
18.60003 6.88347480430523E-10
18.70003 6.88347480430523E-10
18.80003 6.88347480430523E-10
18.90003 6.88347480430523E-10
19.00003 6.88347480430523E-10
19.10003 6.88347480430523E-10
19.20004 6.88347480430523E-10
19.30004 6.88347480430523E-10
19.40004 6.88347480430523E-10
19.50004 6.88347480430523E-10
19.60004 6.88347480430523E-10
19.70004 6.88347480430523E-10
19.80004 6.88347480430523E-10
19.90004 6.88347480430523E-10
20.00004 6.88347480430523E-10
20.10004 6.88347480430523E-10
20.20004 6.88347480430523E-10
20.30004 6.88347480430523E-10
20.40004 6.88347480430523E-10
20.50004 6.88347480430523E-10
20.60004 6.88347480430523E-10
20.70004 6.88347480430523E-10
20.80004 6.88347480430523E-10
20.90004 6.88347480430523E-10
21.00004 6.88347480430523E-10
21.10004 6.88347480430523E-10
21.20004 6.88347480430523E-10
21.30004 6.88347480430523E-10
21.40004 6.88347480430523E-10
21.50004 6.88347480430523E-10
21.60004 6.88347480430523E-10
21.70004 6.88347480430523E-10
21.80005 6.88347480430523E-10
21.90005 6.88347480430523E-10
22.00005 6.88347480430523E-10
22.10005 6.88347480430523E-10
22.20005 6.88347480430523E-10
22.30005 6.88347480430523E-10
22.40005 6.88347480430523E-10
22.50005 6.88347480430523E-10
22.60005 6.88347480430523E-10
22.70005 6.88347480430523E-10
22.80005 6.88347480430523E-10
22.90005 6.88347480430523E-10
23.00005 6.88347480430523E-10
23.10005 6.88347480430523E-10
23.20005 6.88347480430523E-10
23.30005 6.88347480430523E-10
23.40005 6.88347480430523E-10
23.50005 6.88347480430523E-10
23.60005 6.88347480430523E-10
23.70005 6.88347480430523E-10
23.80005 6.88347480430523E-10
23.90005 6.88347480430523E-10
24.00005 6.88347480430523E-10
24.10005 6.88347480430523E-10
24.20005 6.88347480430523E-10
24.30005 6.88347480430523E-10
24.40005 6.88347480430523E-10
24.50006 6.88347480430523E-10
24.60006 6.88347480430523E-10
24.70006 6.88347480430523E-10
24.80006 6.88347480430523E-10
24.90006 6.88347480430523E-10
25.00006 6.88347480430523E-10
25.10006 6.88347480430523E-10
25.20006 6.88347480430523E-10
25.30006 6.88347480430523E-10
25.40006 6.88347480430523E-10
25.50006 6.88347480430523E-10
25.60006 6.88347480430523E-10
25.70006 6.88347480430523E-10
25.80006 6.88347480430523E-10
25.90006 6.88347480430523E-10
26.00006 6.88347480430523E-10
26.10006 6.88347480430523E-10
26.20006 6.88347480430523E-10
26.30006 6.88347480430523E-10
26.40006 6.88347480430523E-10
26.50006 6.88347480430523E-10
26.60006 6.88347480430523E-10
26.70006 6.88347480430523E-10
26.80006 6.88347480430523E-10
26.90006 6.88347480430523E-10
27.00006 6.88347480430523E-10
27.10007 6.88347480430523E-10
27.20007 6.88347480430523E-10
27.30007 6.88347480430523E-10
27.40007 6.88347480430523E-10
27.50007 6.88347480430523E-10
27.60007 6.88347480430523E-10
27.70007 6.88347480430523E-10
27.80007 6.88347480430523E-10
27.90007 6.88347480430523E-10
28.00007 6.88347480430523E-10
28.10007 6.88347480430523E-10
28.20007 6.88347480430523E-10
28.30007 6.88347480430523E-10
28.40007 6.88347480430523E-10
28.50007 6.88347480430523E-10
28.60007 6.88347480430523E-10
28.70007 6.88347480430523E-10
28.80007 6.88347480430523E-10
28.90007 6.88347480430523E-10
29.00007 6.88347480430523E-10
29.10007 6.88347480430523E-10
29.20007 6.88347480430523E-10
29.30007 6.88347480430523E-10
29.40007 6.88347480430523E-10
29.50007 6.88347480430523E-10
29.60007 6.88347480430523E-10
29.70008 6.88347480430523E-10
29.80008 6.88347480430523E-10
29.90008 6.88347480430523E-10
