-4.5 0
-4.4 0
-4.3 0
-4.2 0
-4.1 0
-4 0
-3.900001 0
-3.800001 0
-3.700001 0
-3.600001 0
-3.500001 0
-3.400001 0
-3.300001 0
-3.200001 0
-3.100001 0
-3.000001 0
-2.900002 0
-2.800002 0
-2.700002 0
-2.600002 0
-2.500002 0
-2.400002 0
-2.300002 0
-2.200002 0
-2.100002 0
-2.000002 0
-1.900002 0
-1.800002 0
-1.700002 0
-1.600002 0
-1.500002 0
-1.400002 0
-1.300002 0
-1.200002 0
-1.100002 2.28342043123789E-11
-1.000002 4.6791605416134E-11
-0.9000021 7.07645264691395E-11
-0.8000021 9.47506762816866E-11
-0.7000021 1.18747744765088E-10
-0.6000021 1.42753403256393E-10
-0.500002 1.66765304850143E-10
-0.400002 1.90781077579508E-10
-0.300002 2.147983462346E-10
-0.200002 2.3881471124475E-10
-0.100002 2.62827757982126E-10
-2.041459E-06 2.8683505176008E-10
0.09999796 3.10834143574336E-10
0.199998 3.34822568693088E-10
0.299998 3.58797845257344E-10
0.3999979 3.82757480033281E-10
0.4999979 4.06698963449559E-10
0.5999979 4.30619771790398E-10
0.699998 4.54517374725565E-10
0.799998 4.78389214357115E-10
0.899998 5.02232727028261E-10
0.999998 5.26045336621185E-10
1.099998 5.49824440829981E-10
1.199998 5.73567468276517E-10
1.299998 5.97271793914859E-10
1.399998 6.20934796199983E-10
1.499998 6.44553843362754E-10
1.599998 6.68126293874033E-10
1.699998 6.91649496914123E-10
1.799998 7.15120792847442E-10
1.899998 7.38537513702307E-10
1.999998 7.61896983655732E-10
2.099998 7.85196519523099E-10
2.199998 8.08433403590453E-10
2.299998 8.31604967259015E-10
2.399998 8.54708508254107E-10
2.499998 8.77741318944633E-10
2.599998 9.0070068685537E-10
2.699998 9.2358389518341E-10
2.799998 9.46388223318603E-10
2.899997 9.69110947367892E-10
2.999997 9.91749340683376E-10
3.099997 1.01430067439399E-09
3.199997 1.03676221794063E-09
3.299997 1.05913123961464E-09
3.399997 1.08140500709942E-09
3.499997 1.1035807880151E-09
3.599997 1.12565585046613E-09
3.699997 1.14762746359151E-09
3.799997 1.1694928981177E-09
3.899997 1.19124942691392E-09
3.999996 1.21289432554971E-09
4.099997 1.23442492404904E-09
4.199996 1.25583840239201E-09
4.299996 1.27713209908532E-09
4.399996 1.29830330611561E-09
4.499996 1.31934932098638E-09
4.599996 1.34026744728584E-09
4.699996 1.36105499525598E-09
4.799996 1.38170928236262E-09
4.899996 1.40222763386625E-09
4.999996 1.42260738339351E-09
5.099996 1.44284587350926E-09
5.199996 1.46294045628879E-09
5.299995 1.48288849389034E-09
5.399995 1.50268735912747E-09
5.499995 1.52233443604129E-09
5.599995 1.5418271204723E-09
5.699995 1.5611628206317E-09
5.799995 1.58033895767193E-09
5.899995 1.59935296625637E-09
5.999995 1.61820229512791E-09
6.099995 1.63688440767634E-09
6.199995 1.65539678250429E-09
6.299994 1.67373691399153E-09
6.399994 1.69190231285755E-09
6.499994 1.7098905067222E-09
6.599994 1.72769904066412E-09
6.699994 1.74532547777699E-09
6.799994 1.7627673997232E-09
6.899994 1.78002240728494E-09
6.999994 1.79708812091238E-09
7.099994 1.81396218126895E-09
7.199994 1.83064224977339E-09
7.299994 1.8471260091384E-09
7.399993 1.8634111639059E-09
7.499993 1.87949544097843E-09
7.599993 1.89537659014684E-09
7.699993 1.91105238461381E-09
7.799993 1.92652062151326E-09
7.899993 1.94177912242531E-09
7.999993 1.95682573388674E-09
8.099993 1.97165832789672E-09
8.199993 1.98627487159594E-09
8.299994 2.00067321813688E-09
8.399994 2.01485131886153E-09
8.499994 2.02880715254729E-09
8.599995 2.04253872588665E-09
8.699995 2.05604407396126E-09
8.799995 2.06932126071005E-09
8.899996 2.08236837939143E-09
8.999996 2.09518355303932E-09
9.099997 2.10776493491279E-09
9.199997 2.12011070893937E-09
9.299997 2.13221909015161E-09
9.399998 2.14408832511704E-09
9.499998 2.15571669236104E-09
9.599998 2.16710250278286E-09
9.699999 2.17824410006428E-09
9.799999 2.18913986107111E-09
9.9 2.19978819624708E-09
10 2.21018755000022E-09
10.1 2.22033640108156E-09
10.2 2.23023326295582E-09
10.3 2.23987668416429E-09
10.4 2.24926524867951E-09
10.5 2.25839757625172E-09
10.6 2.26727232274704E-09
10.7 2.27588818047712E-09
10.8 2.2842438785202E-09
10.9 2.2923381830336E-09
11 2.30016989755728E-09
11.1 2.3077378633086E-09
11.2 2.31504095946804E-09
11.3 2.32207810345583E-09
11.40001 2.32884825119941E-09
11.50001 2.33535039739156E-09
11.60001 2.3415835757392E-09
11.70001 2.34754685920272E-09
11.80001 2.35323936022576E-09
11.90001 2.35866023095535E-09
12.00001 2.36380866345241E-09
12.10001 2.36868388989238E-09
12.20001 2.37328518275614E-09
12.30001 2.37761185501088E-09
12.40001 2.38166326028112E-09
12.50001 2.3854387930096E-09
12.60001 2.38893788860817E-09
12.70001 2.39216002359847E-09
12.80001 2.39510471574248E-09
12.90001 2.39777152416279E-09
13.00001 2.4001600494526E-09
13.10001 2.40226993377543E-09
13.20001 2.40410086095448E-09
13.30001 2.40565255655159E-09
13.40001 2.40692478793576E-09
13.50001 2.40791736434133E-09
13.60001 2.40863013691563E-09
13.70001 2.40906299875619E-09
13.80001 2.40921588493743E-09
13.90001 2.40921618150683E-09
14.00002 2.40921618150683E-09
14.10002 2.40921618150683E-09
14.20002 2.40921618150683E-09
14.30002 2.40921618150683E-09
14.40002 2.40921618150683E-09
14.50002 2.40921618150683E-09
14.60002 2.40921618150683E-09
14.70002 2.40921618150683E-09
14.80002 2.40921618150683E-09
14.90002 2.40921618150683E-09
15.00002 2.40921618150683E-09
15.10002 2.40921618150683E-09
15.20002 2.40921618150683E-09
15.30002 2.40921618150683E-09
15.40002 2.40921618150683E-09
15.50002 2.40921618150683E-09
15.60002 2.40921618150683E-09
15.70002 2.40921618150683E-09
15.80002 2.40921618150683E-09
15.90002 2.40921618150683E-09
16.00002 2.40921618150683E-09
16.10002 2.40921618150683E-09
16.20002 2.40921618150683E-09
16.30002 2.40921618150683E-09
16.40002 2.40921618150683E-09
16.50002 2.40921618150683E-09
16.60003 2.40921618150683E-09
16.70003 2.40921618150683E-09
16.80003 2.40921618150683E-09
16.90003 2.40921618150683E-09
17.00003 2.40921618150683E-09
17.10003 2.40921618150683E-09
17.20003 2.40921618150683E-09
17.30003 2.40921618150683E-09
17.40003 2.40921618150683E-09
17.50003 2.40921618150683E-09
17.60003 2.40921618150683E-09
17.70003 2.40921618150683E-09
17.80003 2.40921618150683E-09
17.90003 2.40921618150683E-09
18.00003 2.40921618150683E-09
18.10003 2.40921618150683E-09
18.20003 2.40921618150683E-09
18.30003 2.40921618150683E-09
18.40003 2.40921618150683E-09
18.50003 2.40921618150683E-09
18.60003 2.40921618150683E-09
18.70003 2.40921618150683E-09
18.80003 2.40921618150683E-09
18.90003 2.40921618150683E-09
19.00003 2.40921618150683E-09
19.10003 2.40921618150683E-09
19.20004 2.40921618150683E-09
19.30004 2.40921618150683E-09
19.40004 2.40921618150683E-09
19.50004 2.40921618150683E-09
19.60004 2.40921618150683E-09
19.70004 2.40921618150683E-09
19.80004 2.40921618150683E-09
19.90004 2.40921618150683E-09
20.00004 2.40921618150683E-09
20.10004 2.40921618150683E-09
20.20004 2.40921618150683E-09
20.30004 2.40921618150683E-09
20.40004 2.40921618150683E-09
20.50004 2.40921618150683E-09
20.60004 2.40921618150683E-09
20.70004 2.40921618150683E-09
20.80004 2.40921618150683E-09
20.90004 2.40921618150683E-09
21.00004 2.40921618150683E-09
21.10004 2.40921618150683E-09
21.20004 2.40921618150683E-09
21.30004 2.40921618150683E-09
21.40004 2.40921618150683E-09
21.50004 2.40921618150683E-09
21.60004 2.40921618150683E-09
21.70004 2.40921618150683E-09
21.80005 2.40921618150683E-09
21.90005 2.40921618150683E-09
22.00005 2.40921618150683E-09
22.10005 2.40921618150683E-09
22.20005 2.40921618150683E-09
22.30005 2.40921618150683E-09
22.40005 2.40921618150683E-09
22.50005 2.40921618150683E-09
22.60005 2.40921618150683E-09
22.70005 2.40921618150683E-09
22.80005 2.40921618150683E-09
22.90005 2.40921618150683E-09
23.00005 2.40921618150683E-09
23.10005 2.40921618150683E-09
23.20005 2.40921618150683E-09
23.30005 2.40921618150683E-09
23.40005 2.40921618150683E-09
23.50005 2.40921618150683E-09
23.60005 2.40921618150683E-09
23.70005 2.40921618150683E-09
23.80005 2.40921618150683E-09
23.90005 2.40921618150683E-09
24.00005 2.40921618150683E-09
24.10005 2.40921618150683E-09
24.20005 2.40921618150683E-09
24.30005 2.40921618150683E-09
24.40005 2.40921618150683E-09
24.50006 2.40921618150683E-09
24.60006 2.40921618150683E-09
24.70006 2.40921618150683E-09
24.80006 2.40921618150683E-09
24.90006 2.40921618150683E-09
25.00006 2.40921618150683E-09
25.10006 2.40921618150683E-09
25.20006 2.40921618150683E-09
25.30006 2.40921618150683E-09
25.40006 2.40921618150683E-09
25.50006 2.40921618150683E-09
25.60006 2.40921618150683E-09
25.70006 2.40921618150683E-09
25.80006 2.40921618150683E-09
25.90006 2.40921618150683E-09
26.00006 2.40921618150683E-09
26.10006 2.40921618150683E-09
26.20006 2.40921618150683E-09
26.30006 2.40921618150683E-09
26.40006 2.40921618150683E-09
26.50006 2.40921618150683E-09
26.60006 2.40921618150683E-09
26.70006 2.40921618150683E-09
26.80006 2.40921618150683E-09
26.90006 2.40921618150683E-09
27.00006 2.40921618150683E-09
27.10007 2.40921618150683E-09
27.20007 2.40921618150683E-09
27.30007 2.40921618150683E-09
27.40007 2.40921618150683E-09
27.50007 2.40921618150683E-09
27.60007 2.40921618150683E-09
27.70007 2.40921618150683E-09
27.80007 2.40921618150683E-09
27.90007 2.40921618150683E-09
28.00007 2.40921618150683E-09
28.10007 2.40921618150683E-09
28.20007 2.40921618150683E-09
28.30007 2.40921618150683E-09
28.40007 2.40921618150683E-09
28.50007 2.40921618150683E-09
28.60007 2.40921618150683E-09
28.70007 2.40921618150683E-09
28.80007 2.40921618150683E-09
28.90007 2.40921618150683E-09
29.00007 2.40921618150683E-09
29.10007 2.40921618150683E-09
29.20007 2.40921618150683E-09
29.30007 2.40921618150683E-09
29.40007 2.40921618150683E-09
29.50007 2.40921618150683E-09
29.60007 2.40921618150683E-09
29.70008 2.40921618150683E-09
29.80008 2.40921618150683E-09
29.90008 2.40921618150683E-09
